2D
	2
		[0.010668, 0.009972, 0.011639, 0.010953, 0.010622, 0.011376, 0.011168, 0.011708, 0.011793, 0.012948, 0.011046, 0.01145, 0.010374, 0.009847, 0.010152, 0.010906, 0.010273, 0.010093, 0.010447, 0.009785]
2D
	4
		[0.016301, 0.017395, 0.027452, 0.017798, 0.023407, 0.018028, 0.024976, 0.036258, 0.021426, 0.020361, 0.028842, 0.019438, 0.019989, 0.024158, 0.017883, 0.01786, 0.01815, 0.018253, 0.021641, 0.01835]
2D
	8
		[0.071536, 0.06352, 0.059094, 0.095677, 0.068279, 0.111789, 0.093896, 0.092668, 0.101964, 0.128877, 0.095418, 0.095436, 0.095357, 0.094884, 0.099845, 0.075404, 0.073292, 0.095893, 0.119676]
2D
	16
		[0.129474, 0.128524, 0.251519, 0.129044, 0.167791, 0.163116, 0.128933, 0.220076, 0.185231, 0.133111, 0.218226, 0.153942, 0.142758, 0.134064, 0.163552, 0.170803, 0.161587, 0.168079, 0.18452, 0.165117]
2D
	32
		[0.568003, 0.481578, 0.645094, 0.597109, 0.592075, 0.452848, 0.580207, 0.568065, 0.497291, 0.457741, 0.564692, 0.56574, 0.536616, 0.590459, 0.614181, 0.629041, 0.511506, 0.5984, 0.614033, 0.632337]
2D2
	2
		[0.003896, 0.002345, 0.003905, 0.002382, 0.003127, 0.002375, 0.003109, 0.003182, 0.00315, 0.003128, 0.003164, 0.002391, 0.003187, 0.003127, 0.004058, 0.002299, 0.002381, 0.002338, 0.003529, 0.003093]
2D2
	4
		[0.01412, 0.01984, 0.01587, 0.021022, 0.016002, 0.017793, 0.015736, 0.014198, 0.014996, 0.015976, 0.013513, 0.014156, 0.019964, 0.01455, 0.013969, 0.021355, 0.016881, 0.013666, 0.013305, 0.019482]
2D2
	8
		[0.049346, 0.046147, 0.047887, 0.039253, 0.057065, 0.052316, 0.073501, 0.060441, 0.060299, 0.064234, 0.038651, 0.043887, 0.05601, 0.041223, 0.056049, 0.036066, 0.039812, 0.06648, 0.082696, 0.045605]
2D2
	16
		[0.074516, 0.111277, 0.10374, 0.077033, 0.138405, 0.110977, 0.127524, 0.118392, 0.097418, 0.072869, 0.137141, 0.081053, 0.148058, 0.081611, 0.117668, 0.08517, 0.061157, 0.108177, 0.10256, 0.118035]
2D2
	32
		[0.706293, 0.639484, 0.737628, 0.69804, 0.644499, 0.688278, 0.591589, 0.588522, 0.718735, 0.662228, 0.635266, 0.692185, 0.583705, 0.781483, 0.711709, 0.675072, 0.640109, 0.676976, 0.634797, 0.661482]
20D
	2
		[0.04988, 0.049107, 0.050143, 0.05031, 0.051673, 0.050482, 0.051462, 0.050506, 0.051491, 0.04987, 0.049604, 0.051358, 0.050267, 0.049775, 0.05069, 0.049002, 0.051036, 0.050353, 0.050227, 0.048672]
20D
	4
		[0.03005, 0.039943, 0.038751, 0.03031, 0.03299, 0.030435, 0.039641, 0.030407, 0.036641, 0.037297, 0.029825, 0.031725, 0.033402, 0.02913, 0.03059, 0.030574, 0.030748, 0.03134, 0.030841, 0.029653]
20D
	8
		[0.041457, 0.052371, 0.06537, 0.085497, 0.085227, 0.088445, 0.062084, 0.047869, 0.103683, 0.064978, 0.098702, 0.051788, 0.074004, 0.070849, 0.062923, 0.053902, 0.061371, 0.080644, 0.123524, 0.08689]
20D
	16
		[0.198345, 0.204523, 0.227723, 0.286492, 0.140817, 0.15563, 0.216629, 0.175261, 0.111874, 0.153805, 0.141705, 0.130234, 0.22399, 0.182397, 0.186002, 0.136165, 0.129782, 0.139409, 0.233446, 0.183922]
20D
	32
		[0.539728, 0.448827, 0.751288, 0.542913, 0.501672, 0.578984, 0.542852, 0.64111, 0.484221, 0.49189, 0.524136, 0.542461, 0.525043, 0.597372, 0.509096, 0.558638, 0.628251, 0.555231, 0.577823]
10D
	2
		[0.01174, 0.011988, 0.010909, 0.01119, 0.010043, 0.011029, 0.010816, 0.011547, 0.009989, 0.011788, 0.010091, 0.010961, 0.010332, 0.010911, 0.011023, 0.009998, 0.010206, 0.010176, 0.011094, 0.010166]
10D
	4
		[0.018428, 0.017635, 0.018437, 0.017709, 0.018419, 0.017962, 0.018216, 0.01856, 0.017747, 0.017218, 0.017444, 0.017975, 0.022615, 0.018098, 0.019007, 0.018213, 0.017872, 0.018839, 0.018276, 0.018629]
10D
	8
		[0.050689, 0.103058, 0.118997, 0.087236, 0.083781, 0.073484, 0.053114, 0.103613, 0.126251, 0.074871, 0.069376, 0.045499, 0.056321, 0.062253, 0.105474, 0.049447, 0.069061, 0.060015, 0.047812, 0.055805]
10D
	16
		[0.164237, 0.221831, 0.271347, 0.167826, 0.123277, 0.143264, 0.125285, 0.167422, 0.190171, 0.145565, 0.130127, 0.211245, 0.148021, 0.10761, 0.185824, 0.166099, 0.149318, 0.125659, 0.177342, 0.144139]
10D
	32
		[0.600618, 0.509565, 0.530911, 0.580496, 0.651177, 0.4767, 0.44774, 0.510512, 0.552421, 0.560805, 0.544764, 0.605673, 0.526894, 0.51846, 0.529412, 0.482078, 0.494949, 0.482384, 0.594783, 0.469351]
100D
	2
		[0.079158, 0.078061, 0.079231, 0.082942, 0.07858, 0.078908, 0.076634, 0.077704, 0.076518, 0.081126, 0.078213, 0.0786, 0.080062, 0.07669, 0.081804, 0.082596, 0.079067, 0.078928, 0.078946, 0.077402]
100D
	4
		[0.032865, 0.035653, 0.033148, 0.035419, 0.0365, 0.032379, 0.035431, 0.035028, 0.035113, 0.03918, 0.032105, 0.035918, 0.03286, 0.034573, 0.042461, 0.033291, 0.037039, 0.036399, 0.033446, 0.031948]
100D
	8
		[0.089655, 0.094361, 0.062864, 0.086773, 0.086332, 0.101029, 0.077198, 0.05866, 0.078473, 0.047819, 0.045591, 0.064389, 0.053286, 0.080075, 0.075272, 0.068876, 0.100788, 0.101628, 0.041211, 0.06471]
100D
	16
		[0.162823, 0.191466, 0.166757, 0.217849, 0.190697, 0.211981, 0.140066, 0.121157, 0.184352, 0.13518, 0.165144, 0.135695, 0.165589, 0.164008, 0.164393, 0.266882, 0.142696, 0.16296, 0.177883, 0.242333]
100D
	32
		[0.60436, 0.440793, 0.459998, 0.460078, 0.539111, 0.476247, 0.677278, 0.567162, 0.714939, 0.589644, 0.496748, 0.478848, 0.572445, 0.744441, 0.444008, 0.628942, 0.495557, 0.53598, 0.568625, 0.637399]
100D2
	2
		[2.391523, 2.402406, 2.412378, 2.396914, 2.397425, 2.395854, 2.399975, 2.399327, 2.391604, 2.40942, 2.405724, 2.393302, 2.420125, 2.417334, 2.39017, 2.397897, 2.40228, 2.400601, 2.421521, 2.425883]
100D2
	4
		[0.449961, 0.44817, 0.448351, 0.443851, 0.446865, 0.449783, 0.454497, 0.446717, 0.442308, 0.449719, 0.447597, 0.447551, 0.458992, 0.449989, 0.452621, 0.462579, 0.453384, 0.447917, 0.458691, 0.44952]
100D2
	8
		[0.226304, 0.199429, 0.202846, 0.227231, 0.219772, 0.302498, 0.223476, 0.197638, 0.206637, 0.227419, 0.223771, 0.20951, 0.22683, 0.21177, 0.217623, 0.209557, 0.227156, 0.215012, 0.220629]
100D2
	16
		[0.30013, 0.293308, 0.340696, 0.338889, 0.294984, 0.300647, 0.309577, 0.287914, 0.370825, 0.334467, 0.279003, 0.301533, 0.322547, 0.384332, 0.558604, 0.3153, 0.305903, 0.348824, 0.297502, 0.321488]
100D2
	32
		[0.625907, 0.636247, 0.609504, 0.749084, 0.8639, 0.78032, 0.803567, 0.818728, 0.880053, 0.885194, 0.646719, 0.838156, 0.799218, 0.773708, 0.825803, 0.796592, 0.833883, 0.856276, 0.689351, 0.752645]
